Vertex Count: 840

Data:

0.015674 2.46637 0.253986 0.219321 0.022962 0.323803 0.322103 0.889607
0.028745 3.22703 -0.02617 0.221196 0.132123 0.323803 0.322103 0.889607
0.019167 3.22703 -0.022684 0.219822 0.132123 0.323803 0.322103 0.889607
0.199847 2.46637 0.186952 0.245751 0.022962 0.323803 0.322103 0.889607
0.028745 3.22703 -0.02617 0.221196 0.132123 0.323803 0.322103 0.889607
0.015674 2.46637 0.253986 0.219321 0.022962 0.323803 0.322103 0.889607
0.028745 3.22703 -0.02617 0.291353 0.00997901 0.873038 0.302213 0.382717
0.292234 2.40304 0.023413 0.298468 0.128227 0.873038 0.302213 0.382717
0.033842 3.22703 -0.034997 0.290086 0.00997901 0.873038 0.302213 0.382717
0.292234 2.40304 0.023413 0.298468 0.128227 0.873038 0.302213 0.382717
0.028745 3.22703 -0.02617 0.291353 0.00997901 0.873038 0.302213 0.382717
0.199847 2.46637 0.186952 0.321937 0.119139 0.873038 0.302213 0.382717
0.292234 2.40304 0.023413 0.298468 0.128227 0.953649 0.297115 -0.047702
0.032072 3.22703 -0.045035 0.288645 0.00997901 0.953649 0.297115 -0.047702
0.033842 3.22703 -0.034997 0.290086 0.00997901 0.953649 0.297115 -0.047702
0.263809 2.46637 -0.175798 0.26988 0.119139 0.953649 0.297115 -0.047702
0.032072 3.22703 -0.045035 0.288645 0.00997901 0.953649 0.297115 -0.047702
0.292234 2.40304 0.023413 0.298468 0.128227 0.953649 0.297115 -0.047702
0.263809 2.46637 -0.175798 0.26988 0.119139 0.610891 0.311196 -0.72799
0.024263 3.22703 -0.051587 0.287705 0.00997901 0.610891 0.311196 -0.72799
0.032072 3.22703 -0.045035 0.288645 0.00997901 0.610891 0.311196 -0.72799
0.11367 2.46637 -0.30178 0.251801 0.119139 0.610891 0.311196 -0.72799
0.024263 3.22703 -0.051587 0.287705 0.00997901 0.610891 0.311196 -0.72799
0.263809 2.46637 -0.175798 0.26988 0.119139 0.610891 0.311196 -0.72799
0.11367 2.46637 -0.30178 0.378287 0.119139 -0.116401 0.296504 -0.947912
0.01407 3.22703 -0.051587 0.363994 0.00997901 -0.116401 0.296504 -0.947912
0.024263 3.22703 -0.051587 0.365457 0.00997901 -0.116401 0.296504 -0.947912
-0.087932 2.40304 -0.295584 0.349356 0.128227 -0.116401 0.296504 -0.947912
0.01407 3.22703 -0.051587 0.363994 0.00997901 -0.116401 0.296504 -0.947912
0.11367 2.46637 -0.30178 0.378287 0.119139 -0.116401 0.296504 -0.947912
-0.087932 2.40304 -0.295584 0.349356 0.128227 -0.531308 0.301504 -0.791712
0.006262 3.22703 -0.045035 0.362873 0.00997901 -0.531308 0.301504 -0.791712
0.01407 3.22703 -0.051587 0.363994 0.00997901 -0.531308 0.301504 -0.791712
-0.232462 2.46637 -0.175798 0.328615 0.119139 -0.531308 0.301504 -0.791712
0.006262 3.22703 -0.045035 0.362873 0.00997901 -0.531308 0.301504 -0.791712
-0.087932 2.40304 -0.295584 0.349356 0.128227 -0.531308 0.301504 -0.791712
-0.232462 2.46637 -0.175798 0.644367 0.150396 -0.932686 0.320995 -0.164497
0.004492 3.22703 -0.034997 0.624161 0.041235 -0.932686 0.320995 -0.164497
0.006262 3.22703 -0.045035 0.625602 0.041235 -0.932686 0.320995 -0.164497
-0.266496 2.46637 0.017217 0.616668 0.150396 -0.932686 0.320995 -0.164497
0.004492 3.22703 -0.034997 0.624161 0.041235 -0.932686 0.320995 -0.164497
-0.232462 2.46637 -0.175798 0.644367 0.150396 -0.932686 0.320995 -0.164497
0.033842 3.22703 -0.034997 0.740031 0.149548 0 1 -0
0.019167 3.22703 -0.022684 0.741798 0.147442 0 1 -0
0.028745 3.22703 -0.02617 0.741298 0.148817 0 1 -0
0.032072 3.22703 -0.045035 0.738591 0.149294 0 1 -0
0.019167 3.22703 -0.022684 0.741798 0.147442 0 1 -0
0.033842 3.22703 -0.034997 0.740031 0.149548 0 1 -0
0.032072 3.22703 -0.045035 0.738591 0.149294 0 1 -0
0.009589 3.22703 -0.02617 0.741298 0.146068 0 1 -0
0.019167 3.22703 -0.022684 0.741798 0.147442 0 1 -0
0.032072 3.22703 -0.045035 0.738591 0.149294 0 1 -0
0.004492 3.22703 -0.034997 0.740031 0.145336 0 1 -0
0.009589 3.22703 -0.02617 0.741298 0.146068 0 1 -0
0.032072 3.22703 -0.045035 0.738591 0.149294 0 1 -0
0.006262 3.22703 -0.045035 0.738591 0.14559 0 1 -0
0.004492 3.22703 -0.034997 0.740031 0.145336 0 1 -0
0.032072 3.22703 -0.045035 0.738591 0.149294 0 1 -0
0.01407 3.22703 -0.051587 0.737651 0.146711 0 1 -0
0.006262 3.22703 -0.045035 0.738591 0.14559 0 1 -0
0.032072 3.22703 -0.045035 0.738591 0.149294 0 1 -0
0.024263 3.22703 -0.051587 0.737651 0.148174 0 1 -0
0.01407 3.22703 -0.051587 0.737651 0.146711 0 1 -0
-0.174109 2.40304 0.193148 0.192086 0.013874 -0.380904 0.316904 0.86861
0.019167 3.22703 -0.022684 0.219822 0.132123 -0.380904 0.316904 0.86861
0.009589 3.22703 -0.02617 0.218447 0.132123 -0.380904 0.316904 0.86861
0.015674 2.46637 0.253986 0.219321 0.022962 -0.380904 0.316904 0.86861
0.019167 3.22703 -0.022684 0.219822 0.132123 -0.380904 0.316904 0.86861
-0.174109 2.40304 0.193148 0.192086 0.013874 -0.380904 0.316904 0.86861
-0.266496 2.46637 0.017217 0.178827 0.022962 -0.789816 0.316606 0.525311
0.009589 3.22703 -0.02617 0.218447 0.132123 -0.789816 0.316606 0.525311
0.004492 3.22703 -0.034997 0.217716 0.132123 -0.789816 0.316606 0.525311
-0.174109 2.40304 0.193148 0.192086 0.013874 -0.789816 0.316606 0.525311
0.009589 3.22703 -0.02617 0.218447 0.132123 -0.789816 0.316606 0.525311
-0.266496 2.46637 0.017217 0.178827 0.022962 -0.789816 0.316606 0.525311
-0.990247 -1.00352 0.113076 0.146441 0.691853 0.041501 -0.999136 -0.0024
-0.00544 -0.809443 0.939428 0.027855 0.833179 0.041501 -0.999136 -0.0024
-0.653837 -1.06685 0.711668 0.06054 0.74013 0.041501 -0.999136 -0.0024
-0.871465 -1.00352 -0.560572 0.243114 0.708899 0.041501 -0.999136 -0.0024
-0.00544 -0.809443 0.939428 0.027855 0.833179 0.041501 -0.999136 -0.0024
-0.990247 -1.00352 0.113076 0.146441 0.691853 0.041501 -0.999136 -0.0024
-0.871465 -1.00352 -0.560572 0.243114 0.708899 0.041501 -0.999136 -0.0024
0.637348 -0.809443 0.705472 0.061429 0.925423 0.041501 -0.999136 -0.0024
-0.00544 -0.809443 0.939428 0.027855 0.833179 0.041501 -0.999136 -0.0024
-0.871465 -1.00352 -0.560572 0.243114 0.708899 0.041501 -0.999136 -0.0024
0.979368 -1.00352 0.113076 0.146441 0.974505 0.041501 -0.999136 -0.0024
0.637348 -0.809443 0.705472 0.061429 0.925423 0.041501 -0.999136 -0.0024
-0.871465 -1.00352 -0.560572 0.243114 0.708899 0.041501 -0.999136 -0.0024
0.860586 -1.00352 -0.560572 0.243114 0.957459 0.041501 -0.999136 -0.0024
0.979368 -1.00352 0.113076 0.146441 0.974505 0.041501 -0.999136 -0.0024
-0.871465 -1.00352 -0.560572 0.243114 0.708899 0.041501 -0.999136 -0.0024
0.33658 -0.809443 -1.00027 0.306213 0.882261 0.041501 -0.999136 -0.0024
0.860586 -1.00352 -0.560572 0.243114 0.957459 0.041501 -0.999136 -0.0024
-0.871465 -1.00352 -0.560572 0.243114 0.708899 0.041501 -0.999136 -0.0024
-0.353069 -0.872769 -0.994068 0.305323 0.783292 0.041501 -0.999136 -0.0024
0.33658 -0.809443 -1.00027 0.306213 0.882261 0.041501 -0.999136 -0.0024
-1.16246 -1.05485 0.150182 0.643039 0.811416 -0.766746 0.431026 0.475728
-0.569643 -0.516713 0.618026 0.720266 0.744278 -0.766746 0.431026 0.475728
-0.862932 -0.453387 0.094124 0.729353 0.819461 -0.766746 0.431026 0.475728
-0.766733 -1.11818 0.851516 0.633951 0.71077 -0.766746 0.431026 0.475728
-0.569643 -0.516713 0.618026 0.720266 0.744278 -0.766746 0.431026 0.475728
-1.16246 -1.05485 0.150182 0.643039 0.811416 -0.766746 0.431026 0.475728
-0.006855 -1.05485 1.11985 0.723837 0.598595 -0.335609 0.430411 0.837922
-0.569643 -0.516713 0.618026 0.64661 0.517831 -0.335609 0.430411 0.837922
-0.766733 -1.11818 0.851516 0.732924 0.489548 -0.335609 0.430411 0.837922
-0.00229 -0.453387 0.816288 0.637522 0.59925 -0.335609 0.430411 0.837922
-0.569643 -0.516713 0.618026 0.64661 0.517831 -0.335609 0.430411 0.837922
-0.006855 -1.05485 1.11985 0.723837 0.598595 -0.335609 0.430411 0.837922
-1.02308 -1.05485 -0.640299 0.643039 0.924855 -0.889812 0.428506 -0.156902
-0.862932 -0.453387 0.094124 0.729353 0.819461 -0.889812 0.428506 -0.156902
-0.759126 -0.453387 -0.494589 0.729353 0.903945 -0.889812 0.428506 -0.156902
-1.16246 -1.05485 0.150182 0.643039 0.811416 -0.889812 0.428506 -0.156902
-0.862932 -0.453387 0.094124 0.729353 0.819461 -0.889812 0.428506 -0.156902
-1.02308 -1.05485 -0.640299 0.643039 0.924855 -0.889812 0.428506 -0.156902
-1.02308 -1.05485 -0.640299 0.643039 0.924855 -0.551091 0.422993 -0.719288
-0.306797 -0.516713 -0.872648 0.720266 0.958199 -0.551091 0.422993 -0.719288
-0.413802 -1.11818 -1.15005 0.633951 0.998008 -0.551091 0.422993 -0.719288
-0.759126 -0.453387 -0.494589 0.729353 0.903945 -0.551091 0.422993 -0.719288
-0.306797 -0.516713 -0.872648 0.720266 0.958199 -0.551091 0.422993 -0.719288
-1.02308 -1.05485 -0.640299 0.643039 0.924855 -0.551091 0.422993 -0.719288
0.394483 -1.05485 -1.15625 0.311494 0.574967 -0.045499 0.418694 -0.906987
-0.306797 -0.516713 -0.872648 0.38872 0.474329 -0.045499 0.418694 -0.906987
0.296607 -0.453387 -0.878845 0.397808 0.560921 -0.045499 0.418694 -0.906987
-0.413802 -1.11818 -1.15005 0.302406 0.458973 -0.045499 0.418694 -0.906987
-0.306797 -0.516713 -0.872648 0.38872 0.474329 -0.045499 0.418694 -0.906987
0.394483 -1.05485 -1.15625 0.311494 0.574967 -0.045499 0.418694 -0.906987
1.00937 -1.05485 -0.6403 0.311494 0.663206 0.584417 0.416312 -0.69652
0.296607 -0.453387 -0.878845 0.397808 0.560921 0.584417 0.416312 -0.69652
0.754545 -0.453387 -0.494589 0.397808 0.626638 0.584417 0.416312 -0.69652
0.394483 -1.05485 -1.15625 0.311494 0.574967 0.584417 0.416312 -0.69652
0.296607 -0.453387 -0.878845 0.397808 0.560921 0.584417 0.416312 -0.69652
1.00937 -1.05485 -0.6403 0.311494 0.663206 0.584417 0.416312 -0.69652
1.00937 -1.05485 -0.6403 0.412941 0.485613 0.907885 0.395994 -0.137598
0.858351 -0.453387 0.094124 0.499255 0.591008 0.907885 0.395994 -0.137598
1.14314 -1.11818 0.156378 0.403853 0.599942 0.907885 0.395994 -0.137598
0.754545 -0.453387 -0.494589 0.499255 0.506524 0.907885 0.395994 -0.137598
0.858351 -0.453387 0.094124 0.499255 0.591008 0.907885 0.395994 -0.137598
1.00937 -1.05485 -0.6403 0.412941 0.485613 0.907885 0.395994 -0.137598
0.747414 -1.05485 0.845319 0.412941 0.698809 0.802302 0.402501 0.440801
0.858351 -0.453387 0.094124 0.499255 0.591008 0.802302 0.402501 0.440801
0.559453 -0.453387 0.61183 0.499255 0.665302 0.802302 0.402501 0.440801
1.14314 -1.11818 0.156378 0.403853 0.599942 0.802302 0.402501 0.440801
0.858351 -0.453387 0.094124 0.499255 0.591008 0.802302 0.402501 0.440801
0.747414 -1.05485 0.845319 0.412941 0.698809 0.802302 0.402501 0.440801
0.747414 -1.05485 0.845319 0.723837 0.706837 0.309302 0.426603 0.849907
-0.00229 -0.453387 0.816288 0.637522 0.59925 0.309302 0.426603 0.849907
-0.006855 -1.05485 1.11985 0.723837 0.598595 0.309302 0.426603 0.849907
0.559453 -0.453387 0.61183 0.637522 0.679864 0.309302 0.426603 0.849907
-0.00229 -0.453387 0.816288 0.637522 0.59925 0.309302 0.426603 0.849907
0.747414 -1.05485 0.845319 0.723837 0.706837 0.309302 0.426603 0.849907
-0.470645 1.69286 0.047718 0.125722 0.145143 -0.783768 0.336986 0.521679
-0.106769 2.45313 0.103204 0.17794 0.254247 -0.783768 0.336986 0.521679
-0.162981 2.51646 -0.010068 0.169874 0.263335 -0.783768 0.336986 0.521679
-0.309076 1.62953 0.343475 0.148908 0.136055 -0.783768 0.336986 0.521679
-0.106769 2.45313 0.103204 0.17794 0.254247 -0.783768 0.336986 0.521679
-0.470645 1.69286 0.047718 0.125722 0.145143 -0.783768 0.336986 0.521679
0.010725 1.69286 0.451635 0.194802 0.145143 -0.378293 0.336693 0.862283
-0.106769 2.45313 0.103204 0.17794 0.254247 -0.378293 0.336693 0.862283
-0.309076 1.62953 0.343475 0.148908 0.136055 -0.378293 0.336693 0.862283
0.015024 2.51646 0.139296 0.195418 0.263335 -0.378293 0.336693 0.862283
-0.106769 2.45313 0.103204 0.17794 0.254247 -0.378293 0.336693 0.862283
0.010725 1.69286 0.451635 0.194802 0.145143 -0.378293 0.336693 0.862283
-0.412585 1.69286 -0.281558 0.049216 0.120183 -0.927874 0.335091 -0.163595
-0.162981 2.51646 -0.010068 0.010255 0.00199199 -0.927874 0.335091 -0.163595
-0.141511 2.51646 -0.13183 0.027729 0.00199199 -0.927874 0.335091 -0.163595
-0.470645 1.69286 0.047718 0.001963 0.120183 -0.927874 0.335091 -0.163595
-0.162981 2.51646 -0.010068 0.010255 0.00199199 -0.927874 0.335091 -0.163595
-0.412585 1.69286 -0.281558 0.049216 0.120183 -0.927874 0.335091 -0.163595
-0.412585 1.69286 -0.281558 0.049216 0.120183 -0.527706 0.328803 -0.783208
-0.052405 2.45313 -0.205109 0.038245 0.01108 -0.527706 0.328803 -0.783208
-0.162062 1.62954 -0.490282 0.079169 0.129271 -0.527706 0.328803 -0.783208
-0.141511 2.51646 -0.13183 0.027729 0.00199199 -0.527706 0.328803 -0.783208
-0.052405 2.45313 -0.205109 0.038245 0.01108 -0.527706 0.328803 -0.783208
-0.412585 1.69286 -0.281558 0.049216 0.120183 -0.527706 0.328803 -0.783208
0.177903 1.69286 -0.496478 0.135438 0.120183 -0.112697 0.32559 -0.938771
-0.052405 2.45313 -0.205109 0.102387 0.01108 -0.112697 0.32559 -0.938771
0.076845 2.51646 -0.211305 0.120935 0.00199199 -0.112697 0.32559 -0.938771
-0.162062 1.62954 -0.490282 0.08665 0.129271 -0.112697 0.32559 -0.938771
-0.052405 2.45313 -0.205109 0.102387 0.01108 -0.112697 0.32559 -0.938771
0.177903 1.69286 -0.496478 0.135438 0.120183 -0.112697 0.32559 -0.938771
0.177903 1.69286 -0.496478 0.135438 0.120183 0.607781 0.32539 -0.724378
0.171559 2.51646 -0.13183 0.134527 0.00199199 0.607781 0.32539 -0.724378
0.434034 1.69286 -0.281558 0.172194 0.120183 0.607781 0.32539 -0.724378
0.076845 2.51646 -0.211305 0.120935 0.00199199 0.607781 0.32539 -0.724378
0.171559 2.51646 -0.13183 0.134527 0.00199199 0.607781 0.32539 -0.724378
0.177903 1.69286 -0.496478 0.135438 0.120183 0.607781 0.32539 -0.724378
0.434034 1.69286 -0.281558 0.03087 0.251395 0.943707 0.312202 -0.109301
0.193029 2.51646 -0.010068 0.06983 0.133204 0.943707 0.312202 -0.109301
0.486486 1.62953 0.053915 0.079012 0.260483 0.943707 0.312202 -0.109301
0.171559 2.51646 -0.13183 0.052357 0.133204 0.943707 0.312202 -0.109301
0.193029 2.51646 -0.010068 0.06983 0.133204 0.943707 0.312202 -0.109301
0.434034 1.69286 -0.281558 0.03087 0.251395 0.943707 0.312202 -0.109301
0.324917 1.69286 0.337279 0.119677 0.251395 0.844377 0.317291 0.431688
0.193029 2.51646 -0.010068 0.06983 0.133204 0.844377 0.317291 0.431688
0.131209 2.51646 0.097008 0.085196 0.133204 0.844377 0.317291 0.431688
0.486486 1.62953 0.053915 0.079012 0.260483 0.844377 0.317291 0.431688
0.193029 2.51646 -0.010068 0.06983 0.133204 0.844377 0.317291 0.431688
0.324917 1.69286 0.337279 0.119677 0.251395 0.844377 0.317291 0.431688
0.324917 1.69286 0.337279 0.23989 0.145143 0.322385 0.334184 0.885657
0.015024 2.51646 0.139296 0.195418 0.263335 0.322385 0.334184 0.885657
0.010725 1.69286 0.451635 0.194802 0.145143 0.322385 0.334184 0.885657
0.131209 2.51646 0.097008 0.212092 0.263335 0.322385 0.334184 0.885657
0.015024 2.51646 0.139296 0.195418 0.263335 0.322385 0.334184 0.885657
0.324917 1.69286 0.337279 0.23989 0.145143 0.322385 0.334184 0.885657
0.463775 0.842699 0.504165 0.938248 0.486378 0.320908 0.345809 0.881722
0.010529 1.74541 0.315061 0.808704 0.421334 0.320908 0.345809 0.881722
0.005286 0.842699 0.671042 0.938248 0.420582 0.320908 0.345809 0.881722
0.242392 1.74541 0.230669 0.808704 0.454608 0.320908 0.345809 0.881722
0.010529 1.74541 0.315061 0.808704 0.421334 0.320908 0.345809 0.881722
0.463775 0.842699 0.504165 0.938248 0.486378 0.320908 0.345809 0.881722
0.463775 0.842699 0.504165 0.339623 0.45504 0.832509 0.330404 0.444705
0.365764 1.74541 0.016983 0.469168 0.385126 0.832509 0.330404 0.444705
0.242392 1.74541 0.230669 0.469168 0.415791 0.832509 0.330404 0.444705
0.702124 0.779372 0.087815 0.330535 0.395291 0.832509 0.330404 0.444705
0.365764 1.74541 0.016983 0.469168 0.385126 0.832509 0.330404 0.444705
0.463775 0.842699 0.504165 0.339623 0.45504 0.832509 0.330404 0.444705
0.623007 0.842699 -0.398883 0.339623 0.325447 0.93662 0.326007 -0.128303
0.365764 1.74541 0.016983 0.469168 0.385126 0.93662 0.326007 -0.128303
0.702124 0.779372 0.087815 0.330535 0.395291 0.93662 0.326007 -0.128303
0.322917 1.74541 -0.226012 0.469168 0.350255 0.93662 0.326007 -0.128303
0.365764 1.74541 0.016983 0.469168 0.385126 0.93662 0.326007 -0.128303
0.623007 0.842699 -0.398883 0.339623 0.325447 0.93662 0.326007 -0.128303
0.623007 0.842699 -0.398883 0.339623 0.325447 0.604703 0.339001 -0.720703
0.133901 1.74541 -0.384616 0.469168 0.327494 0.604703 0.339001 -0.720703
0.322917 1.74541 -0.226012 0.469168 0.350255 0.604703 0.339001 -0.720703
0.249243 0.842699 -0.712509 0.339623 0.280439 0.604703 0.339001 -0.720703
0.133901 1.74541 -0.384616 0.469168 0.327494 0.604703 0.339001 -0.720703
0.623007 0.842699 -0.398883 0.339623 0.325447 0.604703 0.339001 -0.720703
0.249243 0.842699 -0.712509 0.586697 0.267419 -0.073502 0.340907 -0.937219
-0.118452 1.68208 -0.37842 0.533931 0.146962 -0.073502 0.340907 -0.937219
0.133901 1.74541 -0.384616 0.570145 0.137874 -0.073502 0.340907 -0.937219
-0.244281 0.779373 -0.706312 0.515874 0.276507 -0.073502 0.340907 -0.937219
-0.118452 1.68208 -0.37842 0.533931 0.146962 -0.073502 0.340907 -0.937219
0.249243 0.842699 -0.712509 0.586697 0.267419 -0.073502 0.340907 -0.937219
-0.612436 0.842699 -0.398883 0.463041 0.267419 -0.553406 0.344104 -0.758508
-0.118452 1.68208 -0.37842 0.533931 0.146962 -0.553406 0.344104 -0.758508
-0.244281 0.779373 -0.706312 0.515874 0.276507 -0.553406 0.344104 -0.758508
-0.30186 1.74541 -0.226012 0.507611 0.137874 -0.553406 0.344104 -0.758508
-0.118452 1.68208 -0.37842 0.533931 0.146962 -0.553406 0.344104 -0.758508
-0.612436 0.842699 -0.398883 0.463041 0.267419 -0.553406 0.344104 -0.758508
-0.612436 0.842699 -0.398883 0.31489 0.269514 -0.923004 0.348701 -0.162701
-0.344706 1.74541 0.016983 0.255211 0.13997 -0.923004 0.348701 -0.162701
-0.30186 1.74541 -0.226012 0.290082 0.13997 -0.923004 0.348701 -0.162701
-0.697161 0.842699 0.081619 0.245935 0.269514 -0.923004 0.348701 -0.162701
-0.344706 1.74541 0.016983 0.255211 0.13997 -0.923004 0.348701 -0.162701
-0.612436 0.842699 -0.398883 0.31489 0.269514 -0.923004 0.348701 -0.162701
0.005286 0.842699 0.671042 0.938248 0.420582 -0.357896 0.348996 0.86609
-0.226943 1.68208 0.236866 0.817792 0.387256 -0.357896 0.348996 0.86609
-0.458813 0.779373 0.510362 0.947336 0.353981 -0.357896 0.348996 0.86609
0.010529 1.74541 0.315061 0.808704 0.421334 -0.357896 0.348996 0.86609
-0.226943 1.68208 0.236866 0.817792 0.387256 -0.357896 0.348996 0.86609
0.005286 0.842699 0.671042 0.938248 0.420582 -0.357896 0.348996 0.86609
-0.697161 0.842699 0.081619 0.938248 0.319776 -0.790618 0.350008 0.502412
-0.226943 1.68208 0.236866 0.817792 0.387256 -0.790618 0.350008 0.502412
-0.344706 1.74541 0.016983 0.808704 0.370356 -0.790618 0.350008 0.502412
-0.458813 0.779373 0.510362 0.947336 0.353981 -0.790618 0.350008 0.502412
-0.226943 1.68208 0.236866 0.817792 0.387256 -0.790618 0.350008 0.502412
-0.697161 0.842699 0.081619 0.938248 0.319776 -0.790618 0.350008 0.502412
-0.864248 0.078844 0.105654 0.514388 0.559421 -0.795674 0.350688 0.493884
-0.359524 0.831434 0.384325 0.622389 0.51943 -0.795674 0.350688 0.493884
-0.545192 0.894761 0.046827 0.631477 0.567863 -0.795674 0.350688 0.493884
-0.569569 0.015518 0.631965 0.5053 0.483892 -0.795674 0.350688 0.493884
-0.359524 0.831434 0.384325 0.622389 0.51943 -0.795674 0.350688 0.493884
-0.864248 0.078844 0.105654 0.514388 0.559421 -0.795674 0.350688 0.493884
0.000399 0.078844 0.831178 0.974276 0.234855 -0.348609 0.349609 0.869624
-0.359524 0.831434 0.384325 0.866275 0.183203 -0.348609 0.349609 0.869624
-0.569569 0.015518 0.631965 0.983364 0.153061 -0.348609 0.349609 0.869624
0.005569 0.894761 0.508971 0.857187 0.235596 -0.348609 0.349609 0.869624
-0.359524 0.831434 0.384325 0.866275 0.183203 -0.348609 0.349609 0.869624
0.000399 0.078844 0.831178 0.974276 0.234855 -0.348609 0.349609 0.869624
-0.759959 0.078845 -0.485799 0.514388 0.644298 -0.922845 0.349117 -0.162708
-0.545192 0.894761 0.046827 0.631477 0.567863 -0.922845 0.349117 -0.162708
-0.478762 0.894761 -0.329916 0.631477 0.621928 -0.922845 0.349117 -0.162708
-0.864248 0.078844 0.105654 0.514388 0.559421 -0.922845 0.349117 -0.162708
-0.545192 0.894761 0.046827 0.631477 0.567863 -0.922845 0.349117 -0.162708
-0.759959 0.078845 -0.485799 0.514388 0.644298 -0.922845 0.349117 -0.162708
-0.759959 0.078845 -0.485799 0.514388 0.644298 -0.566369 0.344581 -0.748659
-0.191317 0.831434 -0.569622 0.622389 0.656328 -0.566369 0.344581 -0.748659
-0.305499 0.015518 -0.865646 0.5053 0.698809 -0.566369 0.344581 -0.748659
-0.478762 0.894761 -0.329916 0.631477 0.621928 -0.566369 0.344581 -0.748659
-0.191317 0.831434 -0.569622 0.622389 0.656328 -0.566369 0.344581 -0.748659
-0.759959 0.078845 -0.485799 0.514388 0.644298 -0.566369 0.344581 -0.748659
0.300687 0.078845 -0.871843 0.60183 0.24132 -0.055101 0.340806 -0.938518
-0.191317 0.831434 -0.569622 0.709832 0.170714 -0.055101 0.340806 -0.938518
0.196847 0.894761 -0.575818 0.71892 0.226418 -0.055101 0.340806 -0.938518
-0.305499 0.015518 -0.865646 0.592743 0.154328 -0.055101 0.340806 -0.938518
-0.191317 0.831434 -0.569622 0.709832 0.170714 -0.055101 0.340806 -0.938518
0.300687 0.078845 -0.871843 0.60183 0.24132 -0.055101 0.340806 -0.938518
0.760756 0.078844 -0.485799 0.60183 0.307343 0.604825 0.338514 -0.72083
0.196847 0.894761 -0.575818 0.71892 0.226418 0.604825 0.338514 -0.72083
0.489901 0.894761 -0.329917 0.71892 0.268473 0.604825 0.338514 -0.72083
0.300687 0.078845 -0.871843 0.60183 0.24132 0.604825 0.338514 -0.72083
0.196847 0.894761 -0.575818 0.71892 0.226418 0.604825 0.338514 -0.72083
0.760756 0.078844 -0.485799 0.60183 0.307343 0.604825 0.338514 -0.72083
0.760756 0.078844 -0.485799 0.734052 0.153481 0.935907 0.324302 -0.137501
0.556331 0.894761 0.046827 0.851142 0.229916 0.935907 0.324302 -0.137501
0.859436 0.015518 0.11185 0.724965 0.239247 0.935907 0.324302 -0.137501
0.489901 0.894761 -0.329917 0.851142 0.175851 0.935907 0.324302 -0.137501
0.556331 0.894761 0.046827 0.851142 0.229916 0.935907 0.324302 -0.137501
0.760756 0.078844 -0.485799 0.734052 0.153481 0.935907 0.324302 -0.137501
0.564756 0.078845 0.625769 0.734053 0.312998 0.829007 0.329303 0.452004
0.556331 0.894761 0.046827 0.851142 0.229916 0.829007 0.329303 0.452004
0.365054 0.894761 0.378129 0.851142 0.27746 0.829007 0.329303 0.452004
0.859436 0.015518 0.11185 0.724965 0.239247 0.829007 0.329303 0.452004
0.556331 0.894761 0.046827 0.851142 0.229916 0.829007 0.329303 0.452004
0.564756 0.078845 0.625769 0.734053 0.312998 0.829007 0.329303 0.452004
0.564756 0.078845 0.625769 0.974276 0.315843 0.320903 0.346103 0.881609
0.005569 0.894761 0.508971 0.857187 0.235596 0.320903 0.346103 0.881609
0.000399 0.078844 0.831178 0.974276 0.234855 0.320903 0.346103 0.881609
0.365054 0.894761 0.378129 0.857187 0.287185 0.320903 0.346103 0.881609
0.005569 0.894761 0.508971 0.857187 0.235596 0.320903 0.346103 0.881609
0.564756 0.078845 0.625769 0.974276 0.315843 0.320903 0.346103 0.881609
0.669916 -0.51294 0.752068 0.095164 0.458467 0.311399 0.413298 0.855696
0.001149 0.136518 0.681816 0.001963 0.362495 0.311399 0.413298 0.855696
-0.003388 -0.512941 0.997131 0.095165 0.361844 0.311399 0.413298 0.855696
0.47439 0.136519 0.50957 0.001963 0.430408 0.311399 0.413298 0.855696
0.001149 0.136518 0.681816 0.001963 0.362495 0.311399 0.413298 0.855696
0.669916 -0.51294 0.752068 0.095164 0.458467 0.311399 0.413298 0.855696
0.669916 -0.51294 0.752068 0.744818 0.998008 0.807733 0.391016 0.441218
0.726197 0.136518 0.073428 0.838019 0.900619 0.807733 0.391016 0.441218
0.47439 0.136519 0.50957 0.838019 0.963208 0.807733 0.391016 0.441218
1.02257 -0.576267 0.137744 0.73573 0.909849 0.807733 0.391016 0.441218
0.726197 0.136518 0.073428 0.838019 0.900619 0.807733 0.391016 0.441218
0.669916 -0.51294 0.752068 0.744818 0.998008 0.807733 0.391016 0.441218
0.903752 -0.51294 -0.574081 0.744818 0.807697 0.912923 0.38491 -0.135703
0.726197 0.136518 0.073428 0.838019 0.900619 0.912923 0.38491 -0.135703
1.02257 -0.576267 0.137744 0.73573 0.909849 0.912923 0.38491 -0.135703
0.638746 0.136519 -0.422534 0.838019 0.829445 0.912923 0.38491 -0.135703
0.726197 0.136518 0.073428 0.838019 0.900619 0.912923 0.38491 -0.135703
0.903752 -0.51294 -0.574081 0.744818 0.807697 0.912923 0.38491 -0.135703
0.903752 -0.51294 -0.574081 0.744818 0.807697 0.588119 0.403513 -0.700923
0.252955 0.136519 -0.74625 0.838019 0.78299 0.588119 0.403513 -0.700923
0.638746 0.136519 -0.422534 0.838019 0.829445 0.588119 0.403513 -0.700923
0.35487 -0.51294 -1.03465 0.744818 0.741603 0.588119 0.403513 -0.700923
0.252955 0.136519 -0.74625 0.838019 0.78299 0.588119 0.403513 -0.700923
0.903752 -0.51294 -0.574081 0.744818 0.807697 0.588119 0.403513 -0.700923
0.35487 -0.51294 -1.03465 0.230163 0.45504 -0.050902 0.405612 -0.912627
-0.256267 0.073192 -0.740054 0.314277 0.367338 -0.050902 0.405612 -0.912627
0.252955 0.136519 -0.74625 0.323364 0.440414 -0.050902 0.405612 -0.912627
-0.367254 -0.576267 -1.02845 0.221075 0.35141 -0.050902 0.405612 -0.912627
-0.256267 0.073192 -0.740054 0.314277 0.367338 -0.050902 0.405612 -0.912627
0.35487 -0.51294 -1.03465 0.230163 0.45504 -0.050902 0.405612 -0.912627
-0.910528 -0.51294 -0.574081 0.230163 0.273447 -0.551316 0.409612 -0.726821
-0.256267 0.073192 -0.740054 0.314277 0.367338 -0.551316 0.409612 -0.726821
-0.367254 -0.576267 -1.02845 0.221075 0.35141 -0.551316 0.409612 -0.726821
-0.636448 0.136519 -0.422534 0.323364 0.312779 -0.551316 0.409612 -0.726821
-0.256267 0.073192 -0.740054 0.314277 0.367338 -0.551316 0.409612 -0.726821
-0.910528 -0.51294 -0.574081 0.230163 0.273447 -0.551316 0.409612 -0.726821
-0.910528 -0.51294 -0.574081 0.120703 0.458467 -0.895998 0.414999 -0.158
-0.723899 0.136518 0.073428 0.213904 0.365546 -0.895998 0.414999 -0.158
-0.636448 0.136519 -0.422534 0.213904 0.436719 -0.895998 0.414999 -0.158
-1.03495 -0.512941 0.131548 0.120703 0.357205 -0.895998 0.414999 -0.158
-0.723899 0.136518 0.073428 0.213904 0.365546 -0.895998 0.414999 -0.158
-0.910528 -0.51294 -0.574081 0.120703 0.458467 -0.895998 0.414999 -0.158
-0.003388 -0.512941 0.997131 0.095165 0.361844 -0.340387 0.416784 0.842869
-0.477702 0.073192 0.515766 0.011051 0.293777 -0.340387 0.416784 0.842869
-0.682301 -0.576267 0.758265 0.104252 0.264416 -0.340387 0.416784 0.842869
0.001149 0.136518 0.681816 0.001963 0.362495 -0.340387 0.416784 0.842869
-0.477702 0.073192 0.515766 0.011051 0.293777 -0.340387 0.416784 0.842869
-0.003388 -0.512941 0.997131 0.095165 0.361844 -0.340387 0.416784 0.842869
-1.03495 -0.512941 0.131548 0.120703 0.357205 -0.770835 0.417419 0.481222
-0.477702 0.073192 0.515766 0.204816 0.302068 -0.770835 0.417419 0.481222
-0.723899 0.136518 0.073428 0.213904 0.365546 -0.770835 0.417419 0.481222
-0.682301 -0.576267 0.758265 0.111615 0.267267 -0.770835 0.417419 0.481222
-0.477702 0.073192 0.515766 0.204816 0.302068 -0.770835 0.417419 0.481222
-1.03495 -0.512941 0.131548 0.120703 0.357205 -0.770835 0.417419 0.481222
-0.106769 2.45313 0.103204 0.672873 0.092289 0.182399 -0.862797 -0.471499
-0.266496 2.46637 0.017217 0.685212 0.069367 0.182399 -0.862797 -0.471499
-0.162981 2.51646 -0.010068 0.689128 0.084222 0.182399 -0.862797 -0.471499
-0.174109 2.40304 0.193148 0.659965 0.082625 0.182399 -0.862797 -0.471499
-0.266496 2.46637 0.017217 0.685212 0.069367 0.182399 -0.862797 -0.471499
-0.106769 2.45313 0.103204 0.672873 0.092289 0.182399 -0.862797 -0.471499
-0.106769 2.45313 0.103204 0.672873 0.092289 0.434603 -0.856706 -0.277802
0.015674 2.46637 0.253986 0.651235 0.10986 0.434603 -0.856706 -0.277802
-0.174109 2.40304 0.193148 0.659965 0.082625 0.434603 -0.856706 -0.277802
0.015024 2.51646 0.139296 0.667693 0.109767 0.434603 -0.856706 -0.277802
0.015674 2.46637 0.253986 0.651235 0.10986 0.434603 -0.856706 -0.277802
-0.106769 2.45313 0.103204 0.672873 0.092289 0.434603 -0.856706 -0.277802
-0.162981 2.51646 -0.010068 0.689128 0.084222 0.45111 -0.88892 0.079502
-0.232462 2.46637 -0.175798 0.712911 0.074251 0.45111 -0.88892 0.079502
-0.141511 2.51646 -0.13183 0.706602 0.087303 0.45111 -0.88892 0.079502
-0.266496 2.46637 0.017217 0.685212 0.069367 0.45111 -0.88892 0.079502
-0.232462 2.46637 -0.175798 0.712911 0.074251 0.45111 -0.88892 0.079502
-0.162981 2.51646 -0.010068 0.689128 0.084222 0.45111 -0.88892 0.079502
-0.052405 2.45313 -0.205109 0.717117 0.10009 0.0338 -0.816399 0.576499
-0.232462 2.46637 -0.175798 0.712911 0.074251 0.0338 -0.816399 0.576499
-0.087932 2.40304 -0.295584 0.730101 0.094992 0.0338 -0.816399 0.576499
-0.141511 2.51646 -0.13183 0.706602 0.087303 0.0338 -0.816399 0.576499
-0.232462 2.46637 -0.175798 0.712911 0.074251 0.0338 -0.816399 0.576499
-0.052405 2.45313 -0.205109 0.717117 0.10009 0.0338 -0.816399 0.576499
-0.052405 2.45313 -0.205109 0.717117 0.10009 0.332615 -0.824036 0.45862
0.11367 2.46637 -0.30178 0.73099 0.123923 0.332615 -0.824036 0.45862
0.076845 2.51646 -0.211305 0.718007 0.118638 0.332615 -0.824036 0.45862
-0.087932 2.40304 -0.295584 0.730101 0.094992 0.332615 -0.824036 0.45862
0.11367 2.46637 -0.30178 0.73099 0.123923 0.332615 -0.824036 0.45862
-0.052405 2.45313 -0.205109 0.717117 0.10009 0.332615 -0.824036 0.45862
0.171559 2.51646 -0.13183 0.706602 0.132231 -0.304892 -0.880376 0.36329
0.11367 2.46637 -0.30178 0.73099 0.123923 -0.304892 -0.880376 0.36329
0.263809 2.46637 -0.175798 0.712911 0.145469 -0.304892 -0.880376 0.36329
0.076845 2.51646 -0.211305 0.718007 0.118638 -0.304892 -0.880376 0.36329
0.11367 2.46637 -0.30178 0.73099 0.123923 -0.304892 -0.880376 0.36329
0.171559 2.51646 -0.13183 0.706602 0.132231 -0.304892 -0.880376 0.36329
0.193029 2.51646 -0.010068 0.689128 0.135312 -0.650207 -0.758208 -0.0485
0.263809 2.46637 -0.175798 0.712911 0.145469 -0.650207 -0.758208 -0.0485
0.292234 2.40304 0.023413 0.684323 0.149548 -0.650207 -0.758208 -0.0485
0.171559 2.51646 -0.13183 0.706602 0.132231 -0.650207 -0.758208 -0.0485
0.263809 2.46637 -0.175798 0.712911 0.145469 -0.650207 -0.758208 -0.0485
0.193029 2.51646 -0.010068 0.689128 0.135312 -0.650207 -0.758208 -0.0485
0.193029 2.51646 -0.010068 0.689128 0.135312 -0.618896 -0.766095 -0.173399
0.199847 2.46637 0.186952 0.660854 0.13629 -0.618896 -0.766095 -0.173399
0.131209 2.51646 0.097008 0.673762 0.12644 -0.618896 -0.766095 -0.173399
0.292234 2.40304 0.023413 0.684323 0.149548 -0.618896 -0.766095 -0.173399
0.199847 2.46637 0.186952 0.660854 0.13629 -0.618896 -0.766095 -0.173399
0.193029 2.51646 -0.010068 0.689128 0.135312 -0.618896 -0.766095 -0.173399
0.015024 2.51646 0.139296 0.667693 0.109767 -0.143896 -0.907173 -0.395388
0.199847 2.46637 0.186952 0.660854 0.13629 -0.143896 -0.907173 -0.395388
0.015674 2.46637 0.253986 0.651235 0.10986 -0.143896 -0.907173 -0.395388
0.131209 2.51646 0.097008 0.673762 0.12644 -0.143896 -0.907173 -0.395388
0.199847 2.46637 0.186952 0.660854 0.13629 -0.143896 -0.907173 -0.395388
0.015024 2.51646 0.139296 0.667693 0.109767 -0.143896 -0.907173 -0.395388
0.010529 1.74541 0.315061 0.340535 0.201212 -0.129501 -0.925507 -0.355903
0.324917 1.69286 0.337279 0.337346 0.246328 -0.129501 -0.925507 -0.355903
0.010725 1.69286 0.451635 0.320936 0.20124 -0.129501 -0.925507 -0.355903
0.242392 1.74541 0.230669 0.352646 0.234485 -0.129501 -0.925507 -0.355903
0.324917 1.69286 0.337279 0.337346 0.246328 -0.129501 -0.925507 -0.355903
0.010529 1.74541 0.315061 0.340535 0.201212 -0.129501 -0.925507 -0.355903
0.242392 1.74541 0.230669 0.352646 0.234485 -0.535884 -0.819575 -0.202794
0.486486 1.62953 0.053915 0.378011 0.269514 -0.535884 -0.819575 -0.202794
0.324917 1.69286 0.337279 0.337346 0.246328 -0.535884 -0.819575 -0.202794
0.365764 1.74541 0.016983 0.383311 0.25219 -0.535884 -0.819575 -0.202794
0.486486 1.62953 0.053915 0.378011 0.269514 -0.535884 -0.819575 -0.202794
0.242392 1.74541 0.230669 0.352646 0.234485 -0.535884 -0.819575 -0.202794
0.365764 1.74541 0.016983 0.383311 0.25219 -0.587313 -0.809318 0.0082
0.434034 1.69286 -0.281558 0.426153 0.261987 -0.587313 -0.809318 0.0082
0.486486 1.62953 0.053915 0.378011 0.269514 -0.587313 -0.809318 0.0082
0.322917 1.74541 -0.226012 0.418182 0.246041 -0.587313 -0.809318 0.0082
0.434034 1.69286 -0.281558 0.426153 0.261987 -0.587313 -0.809318 0.0082
0.365764 1.74541 0.016983 0.383311 0.25219 -0.587313 -0.809318 0.0082
0.322917 1.74541 -0.226012 0.418182 0.246041 -0.269112 -0.908141 0.320715
0.177903 1.69286 -0.496478 0.456996 0.225231 -0.269112 -0.908141 0.320715
0.434034 1.69286 -0.281558 0.426153 0.261987 -0.269112 -0.908141 0.320715
0.133901 1.74541 -0.384616 0.440943 0.218916 -0.269112 -0.908141 0.320715
0.177903 1.69286 -0.496478 0.456996 0.225231 -0.269112 -0.908141 0.320715
0.322917 1.74541 -0.226012 0.418182 0.246041 -0.269112 -0.908141 0.320715
-0.118452 1.68208 -0.37842 0.440054 0.182702 0.198398 -0.886991 0.416996
0.177903 1.69286 -0.496478 0.456996 0.225231 0.198398 -0.886991 0.416996
0.133901 1.74541 -0.384616 0.440943 0.218916 0.198398 -0.886991 0.416996
-0.162062 1.62954 -0.490282 0.456107 0.176444 0.198398 -0.886991 0.416996
0.177903 1.69286 -0.496478 0.456996 0.225231 0.198398 -0.886991 0.416996
-0.118452 1.68208 -0.37842 0.440054 0.182702 0.198398 -0.886991 0.416996
-0.118452 1.68208 -0.37842 0.440054 0.182702 0.115597 -0.885775 0.449488
-0.412585 1.69286 -0.281558 0.426153 0.140492 0.115597 -0.885775 0.449488
-0.162062 1.62954 -0.490282 0.456107 0.176444 0.115597 -0.885775 0.449488
-0.30186 1.74541 -0.226012 0.418182 0.156382 0.115597 -0.885775 0.449488
-0.412585 1.69286 -0.281558 0.426153 0.140492 0.115597 -0.885775 0.449488
-0.118452 1.68208 -0.37842 0.440054 0.182702 0.115597 -0.885775 0.449488
-0.344706 1.74541 0.016983 0.383311 0.150233 0.398694 -0.914386 0.070299
-0.412585 1.69286 -0.281558 0.426153 0.140492 0.398694 -0.914386 0.070299
-0.30186 1.74541 -0.226012 0.418182 0.156382 0.398694 -0.914386 0.070299
-0.470645 1.69286 0.047718 0.3789 0.13216 0.398694 -0.914386 0.070299
-0.412585 1.69286 -0.281558 0.426153 0.140492 0.398694 -0.914386 0.070299
-0.344706 1.74541 0.016983 0.383311 0.150233 0.398694 -0.914386 0.070299
-0.226943 1.68208 0.236866 0.351756 0.167133 0.30329 -0.907669 -0.29009
0.010725 1.69286 0.451635 0.320936 0.20124 0.30329 -0.907669 -0.29009
-0.309076 1.62953 0.343475 0.336457 0.155346 0.30329 -0.907669 -0.29009
0.010529 1.74541 0.315061 0.340535 0.201212 0.30329 -0.907669 -0.29009
0.010725 1.69286 0.451635 0.320936 0.20124 0.30329 -0.907669 -0.29009
-0.226943 1.68208 0.236866 0.351756 0.167133 0.30329 -0.907669 -0.29009
-0.226943 1.68208 0.236866 0.351756 0.167133 0.229591 -0.909066 -0.347687
-0.470645 1.69286 0.047718 0.3789 0.13216 0.229591 -0.909066 -0.347687
-0.344706 1.74541 0.016983 0.383311 0.150233 0.229591 -0.909066 -0.347687
-0.309076 1.62953 0.343475 0.336457 0.155346 0.229591 -0.909066 -0.347687
-0.470645 1.69286 0.047718 0.3789 0.13216 0.229591 -0.909066 -0.347687
-0.226943 1.68208 0.236866 0.351756 0.167133 0.229591 -0.909066 -0.347687
-0.359524 0.831434 0.384325 0.138958 0.510853 0.213698 -0.937892 -0.273298
-0.697161 0.842699 0.081619 0.182399 0.4624 0.213698 -0.937892 -0.273298
-0.545192 0.894761 0.046827 0.187391 0.484209 0.213698 -0.937892 -0.273298
-0.458813 0.779373 0.510362 0.120871 0.496605 0.213698 -0.937892 -0.273298
-0.697161 0.842699 0.081619 0.182399 0.4624 0.213698 -0.937892 -0.273298
-0.359524 0.831434 0.384325 0.138958 0.510853 0.213698 -0.937892 -0.273298
-0.359524 0.831434 0.384325 0.138958 0.510853 0.232192 -0.937666 -0.258591
0.005286 0.842699 0.671042 0.097813 0.563206 0.232192 -0.937666 -0.258591
-0.458813 0.779373 0.510362 0.120871 0.496605 0.232192 -0.937666 -0.258591
0.005569 0.894761 0.508971 0.121071 0.563246 0.232192 -0.937666 -0.258591
0.005286 0.842699 0.671042 0.097813 0.563206 0.232192 -0.937666 -0.258591
-0.359524 0.831434 0.384325 0.138958 0.510853 0.232192 -0.937666 -0.258591
-0.545192 0.894761 0.046827 0.187391 0.484209 0.335613 -0.940138 0.059202
-0.612436 0.842699 -0.398883 0.251354 0.474559 0.335613 -0.940138 0.059202
-0.478762 0.894761 -0.329916 0.241456 0.493742 0.335613 -0.940138 0.059202
-0.697161 0.842699 0.081619 0.182399 0.4624 0.335613 -0.940138 0.059202
-0.612436 0.842699 -0.398883 0.251354 0.474559 0.335613 -0.940138 0.059202
-0.545192 0.894761 0.046827 0.187391 0.484209 0.335613 -0.940138 0.059202
-0.191317 0.831434 -0.569622 0.275856 0.534992 0.120799 -0.925489 0.358996
-0.612436 0.842699 -0.398883 0.251354 0.474559 0.120799 -0.925489 0.358996
-0.244281 0.779373 -0.706312 0.295472 0.527391 0.120799 -0.925489 0.358996
-0.478762 0.894761 -0.329916 0.241456 0.493742 0.120799 -0.925489 0.358996
-0.612436 0.842699 -0.398883 0.251354 0.474559 0.120799 -0.925489 0.358996
-0.191317 0.831434 -0.569622 0.275856 0.534992 0.120799 -0.925489 0.358996
-0.191317 0.831434 -0.569622 0.275856 0.534992 0.137896 -0.925676 0.352291
0.249243 0.842699 -0.712509 0.296361 0.598215 0.137896 -0.925676 0.352291
0.196847 0.894761 -0.575818 0.276745 0.590696 0.137896 -0.925676 0.352291
-0.244281 0.779373 -0.706312 0.295472 0.527391 0.137896 -0.925676 0.352291
0.249243 0.842699 -0.712509 0.296361 0.598215 0.137896 -0.925676 0.352291
-0.191317 0.831434 -0.569622 0.275856 0.534992 0.137896 -0.925676 0.352291
0.489901 0.894761 -0.329917 0.241457 0.632751 -0.226295 -0.935979 0.269694
0.249243 0.842699 -0.712509 0.296361 0.598215 -0.226295 -0.935979 0.269694
0.623007 0.842699 -0.398883 0.251354 0.651853 -0.226295 -0.935979 0.269694
0.196847 0.894761 -0.575818 0.276745 0.590696 -0.226295 -0.935979 0.269694
0.249243 0.842699 -0.712509 0.296361 0.598215 -0.226295 -0.935979 0.269694
0.489901 0.894761 -0.329917 0.241457 0.632751 -0.226295 -0.935979 0.269694
0.556331 0.894761 0.046827 0.187391 0.642284 -0.512912 -0.85812 0.023501
0.623007 0.842699 -0.398883 0.251354 0.651853 -0.512912 -0.85812 0.023501
0.702124 0.779372 0.087815 0.181509 0.663206 -0.512912 -0.85812 0.023501
0.489901 0.894761 -0.329917 0.241457 0.632751 -0.512912 -0.85812 0.023501
0.623007 0.842699 -0.398883 0.251354 0.651853 -0.512912 -0.85812 0.023501
0.556331 0.894761 0.046827 0.187391 0.642284 -0.512912 -0.85812 0.023501
0.365054 0.894761 0.378129 0.139847 0.614835 -0.461822 -0.865941 -0.192009
0.702124 0.779372 0.087815 0.181509 0.663206 -0.461822 -0.865941 -0.192009
0.463775 0.842699 0.504165 0.121761 0.629002 -0.461822 -0.865941 -0.192009
0.556331 0.894761 0.046827 0.187391 0.642284 -0.461822 -0.865941 -0.192009
0.702124 0.779372 0.087815 0.181509 0.663206 -0.461822 -0.865941 -0.192009
0.365054 0.894761 0.378129 0.139847 0.614835 -0.461822 -0.865941 -0.192009
0.005569 0.894761 0.508971 0.121071 0.563246 -0.110699 -0.946188 -0.304096
0.463775 0.842699 0.504165 0.121761 0.629002 -0.110699 -0.946188 -0.304096
0.005286 0.842699 0.671042 0.097813 0.563206 -0.110699 -0.946188 -0.304096
0.365054 0.894761 0.378129 0.139847 0.614835 -0.110699 -0.946188 -0.304096
0.463775 0.842699 0.504165 0.121761 0.629002 -0.110699 -0.946188 -0.304096
0.005569 0.894761 0.508971 0.121071 0.563246 -0.110699 -0.946188 -0.304096
0.001149 0.136518 0.681816 0.760404 0.614501 -0.130202 -0.924713 -0.357705
0.564756 0.078845 0.625769 0.768447 0.695382 -0.130202 -0.924713 -0.357705
0.000399 0.078844 0.831178 0.73897 0.614393 -0.130202 -0.924713 -0.357705
0.47439 0.136519 0.50957 0.785122 0.682414 -0.130202 -0.924713 -0.357705
0.564756 0.078845 0.625769 0.768447 0.695382 -0.130202 -0.924713 -0.357705
0.001149 0.136518 0.681816 0.760404 0.614501 -0.130202 -0.924713 -0.357705
0.47439 0.136519 0.50957 0.785122 0.682414 -0.503089 -0.831982 -0.233895
0.859436 0.015518 0.11185 0.842198 0.73767 -0.503089 -0.831982 -0.233895
0.564756 0.078845 0.625769 0.768447 0.695382 -0.503089 -0.831982 -0.233895
0.726197 0.136518 0.073428 0.847712 0.71855 -0.503089 -0.831982 -0.233895
0.859436 0.015518 0.11185 0.842198 0.73767 -0.503089 -0.831982 -0.233895
0.47439 0.136519 0.50957 0.785122 0.682414 -0.503089 -0.831982 -0.233895
0.726197 0.136518 0.073428 0.847712 0.71855 -0.569503 -0.820504 0.0494
0.760756 0.078844 -0.485799 0.927964 0.723509 -0.569503 -0.820504 0.0494
0.859436 0.015518 0.11185 0.842198 0.73767 -0.569503 -0.820504 0.0494
0.638746 0.136519 -0.422534 0.918885 0.706 -0.569503 -0.820504 0.0494
0.760756 0.078844 -0.485799 0.927964 0.723509 -0.569503 -0.820504 0.0494
0.726197 0.136518 0.073428 0.847712 0.71855 -0.569503 -0.820504 0.0494
0.638746 0.136519 -0.422534 0.918885 0.706 -0.26599 -0.910367 0.316988
0.300687 0.078845 -0.871843 0.983364 0.657486 -0.26599 -0.910367 0.316988
0.760756 0.078844 -0.485799 0.927964 0.723509 -0.26599 -0.910367 0.316988
0.252955 0.136519 -0.74625 0.96534 0.650636 -0.26599 -0.910367 0.316988
0.300687 0.078845 -0.871843 0.983364 0.657486 -0.26599 -0.910367 0.316988
0.638746 0.136519 -0.422534 0.918885 0.706 -0.26599 -0.910367 0.316988
-0.256267 0.073192 -0.740054 0.964451 0.57756 0.107196 -0.903767 0.414385
0.300687 0.078845 -0.871843 0.983364 0.657486 0.107196 -0.903767 0.414385
0.252955 0.136519 -0.74625 0.96534 0.650636 0.107196 -0.903767 0.414385
-0.305499 0.015518 -0.865646 0.982475 0.570495 0.107196 -0.903767 0.414385
0.300687 0.078845 -0.871843 0.983364 0.657486 0.107196 -0.903767 0.414385
-0.256267 0.073192 -0.740054 0.964451 0.57756 0.107196 -0.903767 0.414385
-0.256267 0.073192 -0.740054 0.964451 0.57756 0.183894 -0.904671 0.384388
-0.759959 0.078845 -0.485799 0.927964 0.505277 0.183894 -0.904671 0.384388
-0.305499 0.015518 -0.865646 0.982475 0.570495 0.183894 -0.904671 0.384388
-0.636448 0.136519 -0.422534 0.918885 0.523001 0.183894 -0.904671 0.384388
-0.759959 0.078845 -0.485799 0.927964 0.505277 0.183894 -0.904671 0.384388
-0.256267 0.073192 -0.740054 0.964451 0.57756 0.183894 -0.904671 0.384388
-0.723899 0.136518 0.073428 0.847712 0.510452 0.392719 -0.917044 0.069303
-0.759959 0.078845 -0.485799 0.927964 0.505277 0.392719 -0.917044 0.069303
-0.636448 0.136519 -0.422534 0.918885 0.523001 0.392719 -0.917044 0.069303
-0.864248 0.078844 0.105654 0.843087 0.490311 0.392719 -0.917044 0.069303
-0.759959 0.078845 -0.485799 0.927964 0.505277 0.392719 -0.917044 0.069303
-0.723899 0.136518 0.073428 0.847712 0.510452 0.392719 -0.917044 0.069303
-0.477702 0.073192 0.515766 0.784233 0.545783 0.223205 -0.92012 -0.321807
0.000399 0.078844 0.831178 0.73897 0.614393 0.223205 -0.92012 -0.321807
-0.569569 0.015518 0.631965 0.767558 0.532599 0.223205 -0.92012 -0.321807
0.001149 0.136518 0.681816 0.760404 0.614501 0.223205 -0.92012 -0.321807
0.000399 0.078844 0.831178 0.73897 0.614393 0.223205 -0.92012 -0.321807
-0.477702 0.073192 0.515766 0.784233 0.545783 0.223205 -0.92012 -0.321807
-0.477702 0.073192 0.515766 0.784233 0.545783 0.279913 -0.919342 -0.276513
-0.864248 0.078844 0.105654 0.843087 0.490311 0.279913 -0.919342 -0.276513
-0.723899 0.136518 0.073428 0.847712 0.510452 0.279913 -0.919342 -0.276513
-0.569569 0.015518 0.631965 0.767558 0.532599 0.279913 -0.919342 -0.276513
-0.864248 0.078844 0.105654 0.843087 0.490311 0.279913 -0.919342 -0.276513
-0.477702 0.073192 0.515766 0.784233 0.545783 0.279913 -0.919342 -0.276513
-0.569643 -0.516713 0.618026 0.3907 0.769516 0.243386 -0.939746 -0.240086
-1.03495 -0.512941 0.131548 0.460513 0.702742 0.243386 -0.939746 -0.240086
-0.862932 -0.453387 0.094124 0.465884 0.727427 0.243386 -0.939746 -0.240086
-0.682301 -0.576267 0.758265 0.370575 0.753349 0.243386 -0.939746 -0.240086
-1.03495 -0.512941 0.131548 0.460513 0.702742 0.243386 -0.939746 -0.240086
-0.569643 -0.516713 0.618026 0.3907 0.769516 0.243386 -0.939746 -0.240086
-0.569643 -0.516713 0.618026 0.3907 0.769516 0.193801 -0.940205 -0.280101
-0.003388 -0.512941 0.997131 0.336296 0.850777 0.193801 -0.940205 -0.280101
-0.682301 -0.576267 0.758265 0.370575 0.753349 0.193801 -0.940205 -0.280101
-0.00229 -0.453387 0.816288 0.362249 0.850935 0.193801 -0.940205 -0.280101
-0.003388 -0.512941 0.997131 0.336296 0.850777 0.193801 -0.940205 -0.280101
-0.569643 -0.516713 0.618026 0.3907 0.769516 0.193801 -0.940205 -0.280101
-0.862932 -0.453387 0.094124 0.465884 0.727427 0.338107 -0.939219 0.059601
-0.910528 -0.51294 -0.574081 0.561775 0.720597 0.338107 -0.939219 0.059601
-0.759126 -0.453387 -0.494589 0.550368 0.742324 0.338107 -0.939219 0.059601
-1.03495 -0.512941 0.131548 0.460513 0.702742 0.338107 -0.939219 0.059601
-0.910528 -0.51294 -0.574081 0.561775 0.720597 0.338107 -0.939219 0.059601
-0.862932 -0.453387 0.094124 0.465884 0.727427 0.338107 -0.939219 0.059601
-0.759126 -0.453387 -0.494589 0.550368 0.742324 0.157201 -0.930905 0.329702
-0.367254 -0.576267 -1.02845 0.62698 0.79856 0.157201 -0.930905 0.329702
-0.306797 -0.516713 -0.872648 0.604621 0.807236 0.157201 -0.930905 0.329702
-0.910528 -0.51294 -0.574081 0.561775 0.720597 0.157201 -0.930905 0.329702
-0.367254 -0.576267 -1.02845 0.62698 0.79856 0.157201 -0.930905 0.329702
-0.759126 -0.453387 -0.494589 0.550368 0.742324 0.157201 -0.930905 0.329702
-0.306797 -0.516713 -0.872648 0.604621 0.807236 0.092201 -0.930307 0.355003
0.35487 -0.51294 -1.03465 0.627869 0.90219 0.092201 -0.930307 0.355003
0.296607 -0.453387 -0.878845 0.605511 0.893828 0.092201 -0.930307 0.355003
-0.367254 -0.576267 -1.02845 0.62698 0.79856 0.092201 -0.930307 0.355003
0.35487 -0.51294 -1.03465 0.627869 0.90219 0.092201 -0.930307 0.355003
-0.306797 -0.516713 -0.872648 0.604621 0.807236 0.092201 -0.930307 0.355003
0.754545 -0.453387 -0.494589 0.550368 0.959545 -0.22821 -0.934842 0.272012
0.35487 -0.51294 -1.03465 0.627869 0.90219 -0.22821 -0.934842 0.272012
0.903752 -0.51294 -0.574081 0.561775 0.980958 -0.22821 -0.934842 0.272012
0.296607 -0.453387 -0.878845 0.605511 0.893828 -0.22821 -0.934842 0.272012
0.35487 -0.51294 -1.03465 0.627869 0.90219 -0.22821 -0.934842 0.272012
0.754545 -0.453387 -0.494589 0.550368 0.959545 -0.22821 -0.934842 0.272012
0.858351 -0.453387 0.094124 0.465884 0.974442 -0.498892 -0.865587 0.043199
0.903752 -0.51294 -0.574081 0.561775 0.980958 -0.498892 -0.865587 0.043199
1.02257 -0.576267 0.137744 0.459624 0.998008 -0.498892 -0.865587 0.043199
0.754545 -0.453387 -0.494589 0.550368 0.959545 -0.498892 -0.865587 0.043199
0.903752 -0.51294 -0.574081 0.561775 0.980958 -0.498892 -0.865587 0.043199
0.858351 -0.453387 0.094124 0.465884 0.974442 -0.498892 -0.865587 0.043199
0.559453 -0.453387 0.61183 0.39159 0.931549 -0.442204 -0.873008 -0.205702
1.02257 -0.576267 0.137744 0.459624 0.998008 -0.442204 -0.873008 -0.205702
0.669916 -0.51294 0.752068 0.371465 0.947401 -0.442204 -0.873008 -0.205702
0.858351 -0.453387 0.094124 0.465884 0.974442 -0.442204 -0.873008 -0.205702
1.02257 -0.576267 0.137744 0.459624 0.998008 -0.442204 -0.873008 -0.205702
0.559453 -0.453387 0.61183 0.39159 0.931549 -0.442204 -0.873008 -0.205702
-0.00229 -0.453387 0.816288 0.362249 0.850935 -0.1133 -0.9435 -0.3114
0.669916 -0.51294 0.752068 0.371465 0.947401 -0.1133 -0.9435 -0.3114
-0.003388 -0.512941 0.997131 0.336296 0.850777 -0.1133 -0.9435 -0.3114
0.559453 -0.453387 0.61183 0.39159 0.931549 -0.1133 -0.9435 -0.3114
0.669916 -0.51294 0.752068 0.371465 0.947401 -0.1133 -0.9435 -0.3114
-0.00229 -0.453387 0.816288 0.362249 0.850935 -0.1133 -0.9435 -0.3114
-0.00544 -0.809443 0.939428 0.027855 0.833179 -0.281707 -0.567314 -0.773819
0.747414 -1.05485 0.845319 0.04136 0.941218 -0.281707 -0.567314 -0.773819
-0.006855 -1.05485 1.11985 0.001963 0.832976 -0.281707 -0.567314 -0.773819
0.637348 -0.809443 0.705472 0.061429 0.925423 -0.281707 -0.567314 -0.773819
0.747414 -1.05485 0.845319 0.04136 0.941218 -0.281707 -0.567314 -0.773819
-0.00544 -0.809443 0.939428 0.027855 0.833179 -0.281707 -0.567314 -0.773819
0.979368 -1.00352 0.113076 0.146441 0.974505 -0.696603 -0.665803 -0.267301
0.747414 -1.05485 0.845319 0.04136 0.941218 -0.696603 -0.665803 -0.267301
0.637348 -0.809443 0.705472 0.061429 0.925423 -0.696603 -0.665803 -0.267301
1.14314 -1.11818 0.156378 0.140227 0.998008 -0.696603 -0.665803 -0.267301
0.747414 -1.05485 0.845319 0.04136 0.941218 -0.696603 -0.665803 -0.267301
0.979368 -1.00352 0.113076 0.146441 0.974505 -0.696603 -0.665803 -0.267301
0.979368 -1.00352 0.113076 0.146441 0.974505 -0.464812 -0.884422 0.041801
1.00937 -1.05485 -0.6403 0.254556 0.97881 -0.464812 -0.884422 0.041801
1.14314 -1.11818 0.156378 0.140227 0.998008 -0.464812 -0.884422 0.041801
0.860586 -1.00352 -0.560572 0.243114 0.957459 -0.464812 -0.884422 0.041801
1.00937 -1.05485 -0.6403 0.254556 0.97881 -0.464812 -0.884422 0.041801
0.979368 -1.00352 0.113076 0.146441 0.974505 -0.464812 -0.884422 0.041801
0.860586 -1.00352 -0.560572 0.243114 0.957459 -0.511637 -0.723952 0.462733
0.394483 -1.05485 -1.15625 0.328598 0.890571 -0.511637 -0.723952 0.462733
1.00937 -1.05485 -0.6403 0.254556 0.97881 -0.511637 -0.723952 0.462733
0.33658 -0.809443 -1.00027 0.306213 0.882261 -0.511637 -0.723952 0.462733
0.394483 -1.05485 -1.15625 0.328598 0.890571 -0.511637 -0.723952 0.462733
0.860586 -1.00352 -0.560572 0.243114 0.957459 -0.511637 -0.723952 0.462733
-0.353069 -0.872769 -0.994068 0.305323 0.783292 0.052298 -0.535882 0.842672
0.394483 -1.05485 -1.15625 0.328598 0.890571 0.052298 -0.535882 0.842672
0.33658 -0.809443 -1.00027 0.306213 0.882261 0.052298 -0.535882 0.842672
-0.413802 -1.11818 -1.15005 0.327708 0.774577 0.052298 -0.535882 0.842672
0.394483 -1.05485 -1.15625 0.328598 0.890571 0.052298 -0.535882 0.842672
-0.353069 -0.872769 -0.994068 0.305323 0.783292 0.052298 -0.535882 0.842672
-0.871465 -1.00352 -0.560572 0.243114 0.708899 0.463483 -0.730273 0.501881
-0.413802 -1.11818 -1.15005 0.327708 0.774577 0.463483 -0.730273 0.501881
-0.353069 -0.872769 -0.994068 0.305323 0.783292 0.463483 -0.730273 0.501881
-1.02308 -1.05485 -0.640299 0.254555 0.687142 0.463483 -0.730273 0.501881
-0.413802 -1.11818 -1.15005 0.327708 0.774577 0.463483 -0.730273 0.501881
-0.871465 -1.00352 -0.560572 0.243114 0.708899 0.463483 -0.730273 0.501881
-0.990247 -1.00352 0.113076 0.146441 0.691853 0.295597 -0.953891 0.0521
-1.02308 -1.05485 -0.640299 0.254555 0.687142 0.295597 -0.953891 0.0521
-0.871465 -1.00352 -0.560572 0.243114 0.708899 0.295597 -0.953891 0.0521
-1.16246 -1.05485 0.150182 0.141116 0.667139 0.295597 -0.953891 0.0521
-1.02308 -1.05485 -0.640299 0.254555 0.687142 0.295597 -0.953891 0.0521
-0.990247 -1.00352 0.113076 0.146441 0.691853 0.295597 -0.953891 0.0521
-0.653837 -1.06685 0.711668 0.06054 0.74013 0.366299 -0.744098 -0.558698
-0.006855 -1.05485 1.11985 0.001963 0.832976 0.366299 -0.744098 -0.558698
-0.766733 -1.11818 0.851516 0.040471 0.723929 0.366299 -0.744098 -0.558698
-0.00544 -0.809443 0.939428 0.027855 0.833179 0.366299 -0.744098 -0.558698
-0.006855 -1.05485 1.11985 0.001963 0.832976 0.366299 -0.744098 -0.558698
-0.653837 -1.06685 0.711668 0.06054 0.74013 0.366299 -0.744098 -0.558698
-0.653837 -1.06685 0.711668 0.06054 0.74013 0.2118 -0.953998 -0.2122
-1.16246 -1.05485 0.150182 0.141116 0.667139 0.2118 -0.953998 -0.2122
-0.990247 -1.00352 0.113076 0.146441 0.691853 0.2118 -0.953998 -0.2122
-0.766733 -1.11818 0.851516 0.040471 0.723929 0.2118 -0.953998 -0.2122
-1.16246 -1.05485 0.150182 0.141116 0.667139 0.2118 -0.953998 -0.2122
-0.653837 -1.06685 0.711668 0.06054 0.74013 0.2118 -0.953998 -0.2122
0.161257 -1.31439 0.19887 0.538203 0.394684 0.337107 -0.169303 0.926118
-0.018886 -0.720161 0.373037 0.512352 0.479959 0.337107 -0.169303 0.926118
-0.018886 -1.31439 0.264436 0.512352 0.394684 0.337107 -0.169303 0.926118
0.231064 -0.720161 0.282063 0.548221 0.479959 0.337107 -0.169303 0.926118
-0.018886 -0.720161 0.373037 0.512352 0.479959 0.337107 -0.169303 0.926118
0.161257 -1.31439 0.19887 0.538203 0.394684 0.337107 -0.169303 0.926118
0.257109 -1.31439 0.03285 0.614638 0.396551 0.85351 -0.169302 0.492806
0.231064 -0.720161 0.282063 0.650402 0.311276 0.85351 -0.169302 0.492806
0.161257 -1.31439 0.19887 0.638463 0.396551 0.85351 -0.169302 0.492806
0.36406 -0.720161 0.051708 0.617344 0.311276 0.85351 -0.169302 0.492806
0.231064 -0.720161 0.282063 0.650402 0.311276 0.85351 -0.169302 0.492806
0.257109 -1.31439 0.03285 0.614638 0.396551 0.85351 -0.169302 0.492806
0.22382 -1.31439 -0.155942 0.587545 0.396551 0.970599 -0.1693 -0.1711
0.36406 -0.720161 0.051708 0.617344 0.311276 0.970599 -0.1693 -0.1711
0.257109 -1.31439 0.03285 0.614638 0.396551 0.970599 -0.1693 -0.1711
0.317871 -0.720161 -0.210242 0.579753 0.311276 0.970599 -0.1693 -0.1711
0.36406 -0.720161 0.051708 0.617344 0.311276 0.970599 -0.1693 -0.1711
0.22382 -1.31439 -0.155942 0.587545 0.396551 0.970599 -0.1693 -0.1711
0.076966 -1.31439 -0.279167 0.569862 0.396551 0.633497 -0.169299 -0.754996
0.317871 -0.720161 -0.210242 0.579753 0.311276 0.633497 -0.169299 -0.754996
0.22382 -1.31439 -0.155942 0.587545 0.396551 0.633497 -0.169299 -0.754996
0.11411 -0.720161 -0.381218 0.555217 0.311276 0.633497 -0.169299 -0.754996
0.317871 -0.720161 -0.210242 0.579753 0.311276 0.633497 -0.169299 -0.754996
0.076966 -1.31439 -0.279167 0.569862 0.396551 0.633497 -0.169299 -0.754996
-0.114738 -1.31439 -0.279166 0.691567 0.402207 0 -0.169294 -0.985566
0.11411 -0.720161 -0.381218 0.724408 0.316931 0 -0.169294 -0.985566
0.076966 -1.31439 -0.279167 0.719078 0.402207 0 -0.169294 -0.985566
-0.151881 -0.720161 -0.381218 0.686237 0.316931 0 -0.169294 -0.985566
0.11411 -0.720161 -0.381218 0.724408 0.316931 0 -0.169294 -0.985566
-0.114738 -1.31439 -0.279166 0.691567 0.402207 0 -0.169294 -0.985566
-0.261591 -1.31439 -0.155942 0.670493 0.402207 -0.633497 -0.169299 -0.754996
-0.151881 -0.720161 -0.381218 0.686237 0.316931 -0.633497 -0.169299 -0.754996
-0.114738 -1.31439 -0.279166 0.691567 0.402207 -0.633497 -0.169299 -0.754996
-0.355642 -0.720161 -0.210242 0.656996 0.316931 -0.633497 -0.169299 -0.754996
-0.151881 -0.720161 -0.381218 0.686237 0.316931 -0.633497 -0.169299 -0.754996
-0.261591 -1.31439 -0.155942 0.670493 0.402207 -0.633497 -0.169299 -0.754996
-0.29488 -1.31439 0.03285 0.767653 0.402207 -0.970599 -0.1693 -0.1711
-0.355642 -0.720161 -0.210242 0.802538 0.316931 -0.970599 -0.1693 -0.1711
-0.261591 -1.31439 -0.155942 0.794746 0.402207 -0.970599 -0.1693 -0.1711
-0.401831 -0.720161 0.051708 0.764947 0.316931 -0.970599 -0.1693 -0.1711
-0.355642 -0.720161 -0.210242 0.802538 0.316931 -0.970599 -0.1693 -0.1711
-0.29488 -1.31439 0.03285 0.767653 0.402207 -0.970599 -0.1693 -0.1711
0.36406 -0.720161 0.051708 0.563575 0.133941 0 1 -0
-0.018886 -0.720161 0.373037 0.609687 0.078986 0 1 -0
0.231064 -0.720161 0.282063 0.596632 0.114856 0 1 -0
0.36406 -0.720161 0.051708 0.563575 0.133941 0 1 -0
-0.268836 -0.720161 0.282063 0.596632 0.043117 0 1 -0
-0.018886 -0.720161 0.373037 0.609687 0.078986 0 1 -0
0.36406 -0.720161 0.051708 0.563575 0.133941 0 1 -0
-0.401831 -0.720161 0.051708 0.563575 0.024031 0 1 -0
-0.268836 -0.720161 0.282063 0.596632 0.043117 0 1 -0
0.36406 -0.720161 0.051708 0.563575 0.133941 0 1 -0
-0.355642 -0.720161 -0.210242 0.525983 0.03066 0 1 -0
-0.401831 -0.720161 0.051708 0.563575 0.024031 0 1 -0
0.36406 -0.720161 0.051708 0.563575 0.133941 0 1 -0
-0.151881 -0.720161 -0.381218 0.501447 0.059901 0 1 -0
-0.355642 -0.720161 -0.210242 0.525983 0.03066 0 1 -0
0.36406 -0.720161 0.051708 0.563575 0.133941 0 1 -0
0.11411 -0.720161 -0.381218 0.501447 0.098072 0 1 -0
-0.151881 -0.720161 -0.381218 0.501447 0.059901 0 1 -0
0.36406 -0.720161 0.051708 0.563575 0.133941 0 1 -0
0.317871 -0.720161 -0.210242 0.525983 0.127313 0 1 -0
0.11411 -0.720161 -0.381218 0.501447 0.098072 0 1 -0
-0.018886 -1.31439 0.264436 0.512352 0.394684 -0.337107 -0.169303 0.926118
-0.268836 -0.720161 0.282063 0.476482 0.479959 -0.337107 -0.169303 0.926118
-0.199028 -1.31439 0.19887 0.4865 0.394684 -0.337107 -0.169303 0.926118
-0.018886 -0.720161 0.373037 0.512352 0.479959 -0.337107 -0.169303 0.926118
-0.268836 -0.720161 0.282063 0.476482 0.479959 -0.337107 -0.169303 0.926118
-0.018886 -1.31439 0.264436 0.512352 0.394684 -0.337107 -0.169303 0.926118
-0.199028 -1.31439 0.19887 0.743828 0.402207 -0.85351 -0.169302 0.492806
-0.401831 -0.720161 0.051708 0.764947 0.316931 -0.85351 -0.169302 0.492806
-0.29488 -1.31439 0.03285 0.767653 0.402207 -0.85351 -0.169302 0.492806
-0.268836 -0.720161 0.282063 0.731889 0.316931 -0.85351 -0.169302 0.492806
-0.401831 -0.720161 0.051708 0.764947 0.316931 -0.85351 -0.169302 0.492806
-0.199028 -1.31439 0.19887 0.743828 0.402207 -0.85351 -0.169302 0.492806
-0.268836 -1.89561 0.282063 0.399281 0.037403 0 -1 -0
0.231064 -1.89561 0.282063 0.399281 0.109141 0 -1 -0
-0.018886 -1.89561 0.373037 0.386226 0.073272 0 -1 -0
-0.268836 -1.89561 0.282063 0.399281 0.037403 0 -1 -0
0.36406 -1.89561 0.051708 0.432339 0.128227 0 -1 -0
0.231064 -1.89561 0.282063 0.399281 0.109141 0 -1 -0
-0.268836 -1.89561 0.282063 0.399281 0.037403 0 -1 -0
0.317871 -1.89561 -0.210242 0.46993 0.121599 0 -1 -0
0.36406 -1.89561 0.051708 0.432339 0.128227 0 -1 -0
-0.268836 -1.89561 0.282063 0.399281 0.037403 0 -1 -0
0.11411 -1.89561 -0.381218 0.494466 0.092358 0 -1 -0
0.317871 -1.89561 -0.210242 0.46993 0.121599 0 -1 -0
-0.268836 -1.89561 0.282063 0.399281 0.037403 0 -1 -0
-0.151881 -1.89561 -0.381218 0.494466 0.054186 0 -1 -0
0.11411 -1.89561 -0.381218 0.494466 0.092358 0 -1 -0
-0.268836 -1.89561 0.282063 0.399281 0.037403 0 -1 -0
-0.355642 -1.89561 -0.210242 0.46993 0.024945 0 -1 -0
-0.151881 -1.89561 -0.381218 0.494466 0.054186 0 -1 -0
-0.268836 -1.89561 0.282063 0.399281 0.037403 0 -1 -0
-0.401831 -1.89561 0.051708 0.432339 0.018317 0 -1 -0
-0.355642 -1.89561 -0.210242 0.46993 0.024945 0 -1 -0
-0.268836 -1.89561 0.282063 0.731889 0.485615 -0.852975 0.172895 0.492485
-0.29488 -1.31439 0.03285 0.767653 0.402207 -0.852975 0.172895 0.492485
-0.401831 -1.89561 0.051708 0.764947 0.485615 -0.852975 0.172895 0.492485
-0.199028 -1.31439 0.19887 0.743828 0.402207 -0.852975 0.172895 0.492485
-0.29488 -1.31439 0.03285 0.767653 0.402207 -0.852975 0.172895 0.492485
-0.268836 -1.89561 0.282063 0.731889 0.485615 -0.852975 0.172895 0.492485
-0.018886 -1.89561 0.373037 0.512352 0.311276 -0.336909 0.172905 0.925525
-0.199028 -1.31439 0.19887 0.4865 0.394684 -0.336909 0.172905 0.925525
-0.268836 -1.89561 0.282063 0.476482 0.311276 -0.336909 0.172905 0.925525
-0.018886 -1.31439 0.264436 0.512352 0.394684 -0.336909 0.172905 0.925525
-0.199028 -1.31439 0.19887 0.4865 0.394684 -0.336909 0.172905 0.925525
-0.018886 -1.89561 0.373037 0.512352 0.311276 -0.336909 0.172905 0.925525
-0.401831 -1.89561 0.051708 0.764947 0.485615 -0.969983 0.172897 -0.170997
-0.261591 -1.31439 -0.155942 0.794746 0.402207 -0.969983 0.172897 -0.170997
-0.355642 -1.89561 -0.210242 0.802538 0.485615 -0.969983 0.172897 -0.170997
-0.29488 -1.31439 0.03285 0.767653 0.402207 -0.969983 0.172897 -0.170997
-0.261591 -1.31439 -0.155942 0.794746 0.402207 -0.969983 0.172897 -0.170997
-0.401831 -1.89561 0.051708 0.764947 0.485615 -0.969983 0.172897 -0.170997
-0.355642 -1.89561 -0.210242 0.656996 0.485615 -0.633106 0.172902 -0.754507
-0.114738 -1.31439 -0.279166 0.691567 0.402207 -0.633106 0.172902 -0.754507
-0.151881 -1.89561 -0.381218 0.686237 0.485615 -0.633106 0.172902 -0.754507
-0.261591 -1.31439 -0.155942 0.670493 0.402207 -0.633106 0.172902 -0.754507
-0.114738 -1.31439 -0.279166 0.691567 0.402207 -0.633106 0.172902 -0.754507
-0.355642 -1.89561 -0.210242 0.656996 0.485615 -0.633106 0.172902 -0.754507
-0.151881 -1.89561 -0.381218 0.686237 0.485615 0 0.172907 -0.984938
0.076966 -1.31439 -0.279167 0.719078 0.402207 0 0.172907 -0.984938
0.11411 -1.89561 -0.381218 0.724408 0.485615 0 0.172907 -0.984938
-0.114738 -1.31439 -0.279166 0.691567 0.402207 0 0.172907 -0.984938
0.076966 -1.31439 -0.279167 0.719078 0.402207 0 0.172907 -0.984938
-0.151881 -1.89561 -0.381218 0.686237 0.485615 0 0.172907 -0.984938
0.11411 -1.89561 -0.381218 0.555217 0.47996 0.633106 0.172902 -0.754507
0.22382 -1.31439 -0.155942 0.587545 0.396551 0.633106 0.172902 -0.754507
0.317871 -1.89561 -0.210242 0.579753 0.47996 0.633106 0.172902 -0.754507
0.076966 -1.31439 -0.279167 0.569862 0.396551 0.633106 0.172902 -0.754507
0.22382 -1.31439 -0.155942 0.587545 0.396551 0.633106 0.172902 -0.754507
0.11411 -1.89561 -0.381218 0.555217 0.47996 0.633106 0.172902 -0.754507
0.317871 -1.89561 -0.210242 0.579753 0.47996 0.969983 0.172897 -0.170997
0.257109 -1.31439 0.03285 0.614638 0.396551 0.969983 0.172897 -0.170997
0.36406 -1.89561 0.051708 0.617344 0.47996 0.969983 0.172897 -0.170997
0.22382 -1.31439 -0.155942 0.587545 0.396551 0.969983 0.172897 -0.170997
0.257109 -1.31439 0.03285 0.614638 0.396551 0.969983 0.172897 -0.170997
0.317871 -1.89561 -0.210242 0.579753 0.47996 0.969983 0.172897 -0.170997
0.36406 -1.89561 0.051708 0.617344 0.47996 0.852975 0.172895 0.492485
0.161257 -1.31439 0.19887 0.638463 0.396551 0.852975 0.172895 0.492485
0.231064 -1.89561 0.282063 0.650402 0.47996 0.852975 0.172895 0.492485
0.257109 -1.31439 0.03285 0.614638 0.396551 0.852975 0.172895 0.492485
0.161257 -1.31439 0.19887 0.638463 0.396551 0.852975 0.172895 0.492485
0.36406 -1.89561 0.051708 0.617344 0.47996 0.852975 0.172895 0.492485
0.231064 -1.89561 0.282063 0.548221 0.311276 0.336909 0.172905 0.925525
-0.018886 -1.31439 0.264436 0.512352 0.394684 0.336909 0.172905 0.925525
-0.018886 -1.89561 0.373037 0.512352 0.311276 0.336909 0.172905 0.925525
0.161257 -1.31439 0.19887 0.538203 0.394684 0.336909 0.172905 0.925525
-0.018886 -1.31439 0.264436 0.512352 0.394684 0.336909 0.172905 0.925525
0.231064 -1.89561 0.282063 0.548221 0.311276 0.336909 0.172905 0.925525
